amplitudes0: 25.72381
amplitudes1: 27.75863
amplitudes2: 3.614469
amplitudes3: 17.81178
amplitudes4: 25.89608
amplitudes5: 20.89685
amplitudes6: 15.269
amplitudes7: 18.87093
amplitudes8: 6.125648
amplitudes9: 16.35159
amplitudes10: 17.44966
amplitudes11: 26.9713
amplitudes12: 1.780891
amplitudes13: 9.199762
amplitudes14: 5.42811
amplitudes15: 20.29969
amplitudes16: 14.95513
amplitudes17: 12.55542
fases0: 6.00743
fases1: 2.078303
fases2: 1.221583
fases3: 2.618597
fases4: 2.038087
fases5: 5.567325
fases6: 0.6893756
fases7: 5.109059
fases8: 1.798243
fases9: 5.901423
fases10: 1.657368
fases11: 0.8626368
fases12: 2.32035
fases13: 0.7803671
fases14: 4.015859
fases15: 2.512973
fases16: 3.463104
fases17: 1.064762
centerAngles0: -3.883917
centerAngles1: -44.62119
centerAngles2: 16.89932
centerAngles3: -0.9743481
centerAngles4: 35.10485
centerAngles5: -23.18669
centerAngles6: -32.71565
centerAngles7: -0.7590179
centerAngles8: -18.71304
centerAngles9: -21.64013
centerAngles10: -14.29955
centerAngles11: -26.71314
centerAngles12: 28.19663
centerAngles13: -6.721138
centerAngles14: -5.47578
centerAngles15: -31.03948
centerAngles16: 44.97095
centerAngles17: -40.49137
strength0: 2389.085
strength1: 831.5518
period0: 9.424608
period1: 9.621962
period2: 8.85653
