amplitudes0: 57.31479
amplitudes1: 65.58313
amplitudes2: 0.7218468
amplitudes3: 69.58431
amplitudes4: 62.14286
amplitudes5: 56.84007
fases0: 3.577296
fases1: 5.40016
fases2: 3.263075
fases3: 3.853405
fases4: 1.98291
fases5: 3.719368
centerAngles0: -8.255778
centerAngles1: -9.208042
centerAngles2: 20.74015
centerAngles3: 68.19429
centerAngles4: -5.423151
centerAngles5: 65.80757
strength: 669.1743
period: 3.290983
