amplitudes0: 51.49706
amplitudes1: 80.6112
amplitudes2: 41.46518
amplitudes3: 63.50314
amplitudes4: 78.76698
amplitudes5: 27.755
fases0: 5.437043
fases1: 1.482698
fases2: 4.3889
fases3: 4.004655
fases4: 4.17043
fases5: 3.291275
centerAngles0: 77.17297
centerAngles1: -38.52318
centerAngles2: -7.372459
centerAngles3: 73.03134
centerAngles4: -70.81334
centerAngles5: -28.24147
strength: 216.8105
period: 4.801655
