amplitudes0: 82.33112
amplitudes1: 53.34304
amplitudes2: 17.96222
amplitudes3: 37.41328
amplitudes4: 56.1468
amplitudes5: 40.50063
fases0: 0.6845344
fases1: 2.389517
fases2: 3.299463
fases3: 4.01431
fases4: 1.900067
fases5: 1.858273
centerAngles0: -3.531212
centerAngles1: 14.81496
centerAngles2: 73.11203
centerAngles3: 21.87912
centerAngles4: -69.89861
centerAngles5: 25.87644
strength: 568.0452
period: 3.385687
