amplitudes0: 19.83741
amplitudes1: 31.63895
amplitudes2: 16.28495
amplitudes3: 20.38994
amplitudes4: 39.00147
amplitudes5: 30.56369
fases0: 2.010906
fases1: 3.620002
fases2: 4.943043
fases3: 0.5815271
fases4: 4.192865
fases5: 5.001633
centerAngles0: 22.82115
centerAngles1: 4.473634
centerAngles2: 2.514221
centerAngles3: 16.35799
centerAngles4: -10.4847
centerAngles5: -6.326303
strength: 2144.746
period: 1.433721
